Population: 25
Children: 40
Mutation: 50%
Generations: 25

-0.12666130106771223
-0.12666130106771223
-0.5709971456301004
-1.2986332092187745
-1.3388713070471352
-1.3388713070471352
-1.3537689174612126
-1.366466401093042
-1.3813367715824318
-1.3940614951389492
-1.3940614951389492
-1.4089046257036508
-1.43647247982487
-1.43647247982487
-1.4492516832307631
-1.4640403339460892
-1.47684677727667
-1.47684677727667
-1.494674785889602
-1.5191760421885274
-1.5222834998978527
-1.5222834998978527
-1.5467438963097464
-1.5743117504309656
-1.5775009279143546
